>> X=[ones(size(X)), X]

X =

    1.0000    3.7116
    1.0000    4.1475
    1.0000    4.0303
    1.0000    3.5496
    1.0000    4.5189
    1.0000    3.6004
    1.0000    3.6235
    1.0000    4.3087
    1.0000    3.7365
    1.0000    4.5267
    1.0000    6.0481
    1.0000    4.1918
    1.0000    3.5767
    1.0000    4.1388
    1.0000    5.1271
    1.0000    4.5549
    1.0000    4.1768
    1.0000    5.3814
    1.0000    2.8805
    1.0000    3.5020
    1.0000    1.8286
    1.0000    2.7331
    1.0000    3.5170
    1.0000    3.4631
    1.0000    2.9904
    1.0000    3.6506
    1.0000    3.8744
    1.0000    4.9387
    1.0000    5.1091
    1.0000    2.8067
    1.0000    2.7779
    1.0000    3.4855
    1.0000    3.3380
    1.0000    2.9055
    1.0000    2.5388
    1.0000    3.7532
    1.0000    5.6759
    1.0000    4.4066
    1.0000    3.9422
    1.0000    6.3933
    1.0000    4.8715
    1.0000    4.7657
    1.0000    5.8076
    1.0000    4.4265
    1.0000    2.9921
    1.0000    4.6868
    1.0000    3.8951
    1.0000    4.7951
    1.0000    3.8397
    1.0000    3.9654

>> Z=[ones(size(y)),Z1,Z2]

Z =

    1.0000   -0.4081   -0.2002
    1.0000    1.6220    1.1115
    1.0000   -0.3773    0.2544
    1.0000   -0.3057    0.1766
    1.0000   -0.2252    1.2128
    1.0000   -0.2715   -0.5078
    1.0000    2.5139   -0.9302
    1.0000   -1.2685    0.6320
    1.0000   -1.9591   -0.5159
    1.0000   -0.5511   -0.0369
    1.0000   -0.6579    1.5434
    1.0000   -1.0455   -0.3467
    1.0000   -0.2576   -0.0401
    1.0000    1.6679   -0.4618
    1.0000   -0.0091    1.4551
    1.0000    0.5323    1.8861
    1.0000   -1.4781   -1.0888
    1.0000    0.3028    0.8015
    1.0000   -0.1374   -1.8729
    1.0000   -0.9295    0.5554
    1.0000   -0.8401   -2.1396
    1.0000    0.9976   -0.1332
    1.0000   -1.0718    1.4599
    1.0000   -0.1129   -0.2677
    1.0000    0.2178   -0.4038
    1.0000    2.1459    0.6935
    1.0000   -0.0991    0.3579
    1.0000    0.0047    1.7826
    1.0000   -0.3211    0.1718
    1.0000   -1.0077    0.2990
    1.0000   -0.8636   -0.6218
    1.0000   -2.2728   -0.8197
    1.0000    0.7468   -0.1152
    1.0000   -0.6865   -1.4067
    1.0000    0.4699   -1.8793
    1.0000    0.5530   -0.1719
    1.0000    2.1725    0.0017
    1.0000   -1.7143    1.9867
    1.0000    1.1881   -0.3226
    1.0000    0.6712    1.7390
    1.0000   -1.0594    1.6044
    1.0000    0.0754    0.9342
    1.0000    0.0615    0.5648
    1.0000   -0.0711    0.7151
    1.0000    1.1141   -1.4712
    1.0000    1.3735    0.6263
    1.0000   -1.4335   -0.9225
    1.0000    0.1339   -0.0823
    1.0000    0.5036   -0.9496
    1.0000    0.2974   -1.6570

>> clear('Z1','Z2');
>> Pz=Z*pinv(Z'*Z)*Z';
>> BetaIV=pinv(X'*Pz*X)*(X'*Pz*y)

BetaIV =

    1.7891
    3.0523

>> Xcap=Pz*X;
>> Beta2SLS = pinv(Xcap'*Xcap)*Xcap'*y 

Beta2SLS =

    1.7891
    3.0523

>> var(y)

ans =

    5.2289

>> varBetaIV = var(y)*pinv(X'*Pz*X)

varBetaIV =

    4.4481   -1.0778
   -1.0778    0.2674

>> BetaOls = pinv(X'*X)*X'*y

BetaOls =

    4.6792
    2.3352

>> varBetaOls=var(y)*pinv(X'*X)

varBetaOls =

    2.0566   -0.4844
   -0.4844    0.1202

>> test=(BetaIV-BetaOls)'*(varBetaIV-varBetaOls)*(BetaIV-BetaOls)

test =

   22.5101

>> chi2cdf(test,2)

ans =

    1.0000

